1000183061842
1066219911475
1110003393210
1127602297658
1128097173373
1131289292608
1131402274122
1131456877539
1143616766713
1170595401410
1189510089190
1213507350854
1213681076540
1236129836308
1247318062347
1259020751655
1313119606650
1330666792223
1348624473756
1365233936908
1369469575757
1484467031835
1507438450036
1561440684582
1573279722892
1580328066944
1599653625665
1605510027746
1611014710800
1611059672439
1611069654678
1611494357441
1628428932346
1636589238955
1645611594419
1646408024096
1648412743307
1649558134417
1658820236506
1679876846921
1682418775528
1688332384785
1688560001966
1688717205445
1701623902724
1705574440229
1711171169357
1717133133176
1725358784370
1731002137409
1732723123894
1761089360711
1776132172807
1783977812874
1784329770422
1784330078722
1785090227368
1794067770684
1794956976487
1807644721396
1809982987618
1812308925188
1821025487671
1821698090109
1825735784204
1825852104909
1826020817317
1826669687739
1833808097069
1860257885152
1930212344823
1937074354137
2006476533798
2006893196309
2009594851775
2101197437834
2411493162478
2412556912771
2412957998053
2610413260304
2610776882304
3113201875555
3130104406044
3134847976642
3137074432707
3141898351441
3161777746786
3175157756982
3185173369899
3212684917964
3212692738988
3212693095035
3212695916338
3212711564574
3212717242582
3212743057655
3212749740018
3212760277258
3212764336746
3212775778153
3212797973093
3212813814492
3212813976534
3212818431144
3212827653773
3212829458253
3212836088061
3212836619012
3212853311197
3212858328039
3212861045008
3212884851785
3212896903205
3303271850679
3303295993284
3303367691629
3303373408594
3313991515826
3314001593438
3314002590337
3314011330719
3314011973725
3314015112496
3314022939116
3314028930582
3314047031567
3314050302845
3314053484999
3314054469018
3542109445469
3560737409424
3568468640581
3792066513989
3852733227066
3852747439509
3852783304700
3852828842518
3852877722526
3852878799244
3852886239442
3852907471097
3852919238466
3852970692016
3852971376939
3852972297851
3852980109498
3853055391206
3853081637149
3853110182626
3853137025425
3853147387681
3853189696413
3853204286995
3853212532701
3853218659976
3853221679879
3853271654017
3853274307781
3853277636291
3853303092985
3853337747318
3853357349783
3853358409479
3853400221325
3853417819843
3853485217503
3853504500760
3853505216882
3853524443382
3853528456821
3853541051133
3853570960826
3853622594320
3853627483445
3853645906520
3853651348079
3853666938289
3853685207038
3853688986459
3853694930392
3853705435359
3853750291320
3853766227320
3853772681093
3853777315917
3853805737797
3853853464539
3853859013854
3853865607559
3853875567157
3853938801433
3854015259369
3854116101291
3854118957766
3854120779424
3854123319641
3854157716874
3854191519745
3854214955871
3854225489259
3854235063906
3854254062812
3854260965794
3854282532363
3854308308866
3854324573996
3854325977519
3854329268934
3854371680364
3854379985577
3854384756278
3854386719974
3854401968066
3854418733138
3854463464803
3854502728620
3854535305812
3854589802275
3854594041324
3854599404346
3854615005502
3854632182699
3854663046137
3854675146337
3854682892722
3854707837479
3854716299251
3854719951118
3854752048424
3854752145871
3854769881748
3854785656993
3854809587272
3854821428225
3854828395568
3854844666185
3854899577955
3854899700803
3854916922027
3854918034025
3854921830225
3854922410518
3854933175123
3854939037272
3854942812422
3854946283556
3854955074138
3854969262644
3854972374013
3854979362518
3854995300983
3855026424876
3855027057813
3855074572314
3887226901444
4341855481191
4342278196525
4385974968898
4394227186507
4416401950718
4419566078242
4422215845911
4435428642031
4639727426723
4639780223048
4640024968588
4640224213839
4640460276216
5260007911722
5280750341973
5381006235265
5738849782089
5738897753086
5999673603128
6241631046744
6243866531774
6254127767986
6262064534516
6495220756570
6495397423923
6495466464697
6599903013568
6753134142842
6753178861549
6753190431027
6753344816823
7624532407996
7624584120676
7624831011320
7625064196143
7675569366152
7949931535331
7966568719026
7966583586481
7967016572606
7967094949123
7970628222180
8060785955997
8394282059699
8604624426660
8660417015930
8660755125445
8660756568234
8676894735322
8677127488404
8677135595651
8677456535503
8677523460172
8677770657080
8677906932241
8754481250639
8826744840588
8826792247810
8826793946385
8918117903775
8938364839191
9072224440536
9092209793426
9092266712606
9092266864787
9092272667785
9092275798592
9092340608566
9109076079970
9117831981802
9186303846277
9222779513067
9283168542426
9411076292618
9428801484903
9484004832910
9484146402620
9484242820489
9651525525984
9651743572791
9651882403291
9652023717161
9652186578661
9652284456533
9873457624027
9873458006952
9873462084946
9873479811009
9873480261244
9873480366338
9873480376061
9873482142206
9873483369527
9873483863223
9873483874373
9873484540987
9873485330044
9873485510248
9873485834405
9873486379509
9873487340010
9873487559221
