3852675583497
3852688829315
3852690047431
3852715190142
3852731692200
1812308352809
1812308925188
1812637877578
1812811857433
1973640112725
1978618880200
1147102789552
1148129056825
1148148407424
1148650758304
1657746399807
1657824486559
1657861333038
1658563978206
6866169699530
6971169674804
1687494856611
1688951599980
1688964055183
1689186339433
1689350491486
1689519479416
1689694918991
1689781533878
7967111182397
7967135414634
7967301804078
9651629517090
9651640001882
4639899128364
4639907201812
9484022771697
7279970608674
7282418887548
7282684256376
1806215147108
1806374256659
1806440666771
1806477582006
9252820401173
9253119030708
9273498787277
9275485084499
8677042217486
8677057130534
9651720446770
1722468151672
1722644320472
1722833148566
1723628130094
1633427517500
7624536188877
7624536680357
1203077053002
1203378021113
1203582409752
1203725526216
1575733359477
6180121702008
6183612511417
9651293608216
1982536340982
1984929035550
3942826565981
3952714643240
9484134633227
9484136284113
8677623268319
8677631113359
9651793793979
9651794156506
9556783514285
9611280951091
4639891310477
4639894750324
9484009615266
2412413883084
2412451942118
9651525525984
5987872676111
5995934866387
1166251394783
1166393388053
1166701485191
1167370908929
7967484950715
1227693289003
1227794000576
1228108065120
1228562328533
6010191923754
6013477541512
9652357932834
1584226466516
6262081901971
6753082386527
6753083366504
1254402014786
1254462496027
4342079610145
4342116325711
6215607487794
6216053071193
8826819566337
8826819779812
1234619208642
1234700060388
1235233297227
1236107955144
1913367912857
1915515010620
2162468156694
2284079370921
8660410875869
8660419872951
1782675746207
1775770867724
1775816173192
1775858538317
1776132172807
4639913254246
1941559590163
9652039172299
1603292167544
1604014834317
1604412751698
1604429031592
9652182077182
1827913304983
1828236880239
1828478032908
1828575224398
1575954975531
1576089629542
1576302593957
1576320311762
1897150984170
9651993859468
9651997786685
1148712179566
1148829525676
1149093125777
1149498049395
7967031537727
9651614599889
9651620638497
6090415398032
6099851232405
2411350179137
2411493517704
7624795392084
7624809172404
1180310137890
1180689896145
1180852450877
1180991202474
6105126600340
6125659584696
7044035696046
7466258062826
7482283428468
9112165633687
1627507667285
1632381180362
6753684297931
1583941000715
1583941000715
8660633264624
8660634386356
8660658777796
1646594751615
1646856552851
1647185609353
1647321981886
2006476533798
2006893196309
5738951539199
5738962395616
9652352898395
4341550385152
4341552216461
8677873295295
8677918842798
1774576889107
1774725814578
1774860745874
1774912415199
8478803316642
8485321275221
4342279220540
4342279788125
1170561330256
1170912632923
1170966951933
1171442719252
1586923510868
1587124416591
6753133741039
6753198409073
6753203015503
7625057683322
7625058856534
2412519145826
2412556912771
9651541534908
8660457897930
8660458603011
7967633197787
7967636616261
1575052293353
1575453305211
1575613799003
1575929398570
9652013050520
1756644819872
1756648502978
1757908064816
1758207329590
6125039026310
6126712980684
8826962815573
8826963102450
8076045799317
8100581617795
8117297091467
4639728554869
9092246534440
9092252587898
1137129963554
1137288560663
1137687039272
1138051224836
6964628870244
6978471208819
1748402645526
1748640536433
1749916357608
1749960500951
1181390462483
1181556925364
1182387228372
1182854622610
1711183883296
1711199164211
1711742328954
1711944597547
9092189572646
9092189734549
8826684025809
8826687524712
2610913334338
2610928218838
9651915089812
9651917492696
9651921476026
2610413260304
8677972971250
9651830037776
9092254627561
9092255805364
1631699781513
1631996168628
1632321695000
1632398045272
2611121086545
2611129273114
2611160064689
2611171065958
9651948309185
4341515898390
4341520260786
9652123458018
8676809784391
8676821293666
1828669683100
1828959015758
1829085060995
1829155041572
1588689305016
1588930389451
1589008145702
1589086874211
1606065136426
6753346747378
6753375627825
8744780250461
8754481250639
9651365663129
9274445677825
9283168542426
1908024441894
1714614698896
1714872122492
1715210197004
1715671446055
1141274537034
1141347903742
1141574717716
1141666024531
4366596167371
1807160554324
1807644721396
1808176068935
1808647638391
6495144469723
8826855031806
8677919963799
8677924481578
2412270908920
2412312052994
1259020751655
1261729528582
7967585764624
7967597286121
4341863735798
4341870247468
4639815411273
4639821740473
9483962742217
1160515397190
1160913451326
1161140945350
1161375335322
6003488584257
6006034694882
8660541976183
8660543896472
7563085861667
7583713345970
9117831981802
4639848644921
9483980690026
9483984688463
4639513151716
8660668928287
8660680248325
5738764935447
5738790395369
9652322779532
3728288340805
3730539152105
4342198272057
1168334547826
1168358176361
1168366723045
1168506090556
9651230491505
9651233705531
1123080887398
1124283811524
1124420238450
1124430142969
2082538749987
1759525528764
1760194558853
1760460950398
1760835842341
2411621504408
2411624895879
2027439031649
2033892706901
1527346170093
6238423566177
6238869007135
6241631046744
6243662464108
1262226736296
5261755365133
1570535628356
1570754303485
1570823510745
1571036826920
1742139542196
1742661952999
1743312951033
1743734812158
9092207901946
9092213989143
1200584747899
1200599466259
1201190675507
1201851468325
9651478005250
7967016572606
2411506127784
2411519137251
2411522473827
2411554648996
9651490217396
1794044329676
1794067770684
1794361774043
1794956976487
3314047031567
3314050302845
3314053484999
3314054469018
5750984483560
5778425568362
5801873054368
7624773094153
7624774063431
4640118068477
9484092335829
9484103181742
1770855462702
1771024700465
1771252646023
1771915606951
1294849479953
1297693946411
8677482236153
8677495090186
8677520096206
8677520916436
8677523460172
8826709477590
8826710583297
6753159667146
6753160467278
6753162957548
6753169768314
2611006431927
2611104545212
1709391010054
8660531226083
8660534083577
8677072773334
8677090797534
9651722989213
9651724794372
9651734485208
1601407747735
1601535991796
1601598661117
1602196387980
6753338414134
6753344816823
1635306392345
7624613352337
7624620320558
6031689848014
6035235306294
9652361290579
1579049318968
6172287832873
6200709349903
1236129836308
1236201098662
1236233185170
1236423708691
4639689466560
9092224207540
9092230267019
6123690027745
6125019079206
1587397314143
1587907588903
1588591671551
1588657298067
1593247909063
1593314367253
1593865123056
1594056463890
9144152284459
9150523029901
9233528235864
2413051137539
2413109509967
2413111936386
2413134776303
8660815856289
8660816489950
2610445923536
2611206461977
9652004506364
1695940233183
1696030151615
1696119599826
1696903377586
2413141196798
9651561710160
1790357003265
1790367010437
1790507169216
1790775330721
1619363369120
6753477815243
6753490671819
6753491574164
3510009717337
5363457136599
5373158455448
7389218224174
7397407865732
1812156332947
1812246458861
1812266981226
1812290466584
4035222308975
4069046370511
6753322327587
6753324180470
1566411887771
1566857581219
1567810751939
1567993104904
9651239604654
9651241600125
8677121664798
8677127488404
8677129169783
8677129169783
8677132362119
1971444391865
9652062054036
9092232354915
9092236949681
1199963581844
1200158447095
1200260019562
1200483266378
1686962515814
1688530220229
1715685183922
1715822421603
1717133133176
1717222584711
8660450953206
9539677780140
9619348644121
9138527778292
9146415740986
9651389842777
8677929838629
8677935681431
8024782596157
8032261463784
8660699277552
8660699696902
8660700051515
1643152081153
7624741491960
7624742509268
1686197075145
1686243228921
1686319904544
1686441980454
4639721688783
9092222693581
9092245801628
8660453764465
8660454338290
8676894735322
8676896290058
1818999232642
1819121547726
1819494021588
1819773410171
1325720345729
1348624473756
3303283020091
8339083779650
8450137582900
8826825810431
8826831776585
1560614828289
1560820713515
1561290402596
1561440684582
1732723123894
1733328474169
1733329686400
1733454600371
1961507772595
1967312790823
1630887623932
1631080070875
1631193287023
1631448470316
3852733227066
3854942812422
3854946283556
3854955074138
3854969262644
3854972374013
3854979362518
3854995300983
3855026424876
3855027057813
3855074572314
7967209665382
7967262547786
6495318186715
6495334538123
9873470220725
9873472064327
1571294890633
1571500715705
1571543187262
1571618333440
8251597600490
8290990136731
9651386268129
9651409347794
9651413219636
1684005017844
8660404427470
8660409289912
7967570514487
7967570514487
7967582991412
7967637155257
1679241523242
8660394011338
8660395772351
4640127330275
9484131218458
9484131726335
8676931831857
8676932521085
8676952260452
9428801484903
9651425608930
4342259896413
1651206173693
1651539828963
1651804716193
1651919304971
8660522584321
8660523256180
3296683781153
4640248605832
4640249229037
4640262201959
4640277685027
5289176292517
1060653773231
1064408568172
1066753592482
1089576726551
1701623902724
1725358784370
1809982987618
1821025487671
1937074354137
1327221622156
1327906297860
1772415210143
1772572352007
1772749428887
1772914050547
9092358569552
9092365369503
9484015219366
9484019516812
9484023125277
9484025763378
2091513396658
2253534983006
4640235485355
6324784231820
6324969990849
1659798683064
1660348165701
1660625112428
1660708207560
5738750750832
5738758896204
6753656816870
6753658555685
1598411036248
1598682005141
1598857740280
1599359770133
4341735890839
4341744018668
5811113020800
5865724069239
5928509981918
5814322548868
5816001937291
5738924097329
5738932854556
9380456209204
9380908593455
9381641997968
6495250633414
9873465925758
9873466426421
5987783541669
6000611466398
5500104235308
6080670960150
7079523084715
3690786847721
6495397435247
6495400673819
1686550096848
1687535630743
1687776446363
1688800642003
6495318438159
9873470321170
9873470364696
9873470662495
9873470903833
5738883348876
5738896991557
6753556899591
6753559215411
1139087659623
1139358556231
1139800061313
1140262818070
6495201756940
8826963773858
8826967707910
8826972859567
8826980153152
1720653930033
1721381419234
1721785038260
1722258228249
6495102126781
8826717261716
6495156263418
8826980646258
8826982068102
4640116663766
9484081377144
9484086959918
1699130046485
1699200127649
1699302323994
1699498825692
9507536913381
9651426900699
2031633777906
2032430174851
9652078497377
2610970014099
2610977848765
9651945538724
8123514588696
8132327777036
8826682100027
6495109589671
8826741356396
8826744578511
8826744583058
8826744840588
1829922419504
1830296557075
1830597052996
1830771433894
7967321587364
7967339969176
3036397915297
3500325281773
3924258264342
4016290884226
7966834032927
7966890907474
9651597932864
1000183061842
2073816747443
3303310348372
3303326584108
4639672602777
8713428351297
8737144170796
8233455779364
8234554780404
7624785526390
7624786463090
1614606075424
1614606075424
1615248964602
1615476256357
1616155534209
1616502337248
1616540931538
1616559648946
1617589448506
9652281535668
7967514854334
7967518170157
9651667077945
9873462084946
9873462524039
9508297727439
9651428150634
6890557829254
6941865290738
6993888021653
6753652382256
6753653782727
7624549954209
7624552837339
1171828039431
1171851749871
1172344953027
1174373473088
4639705570080
9092299197623
9092300115943
5738445436294
9652232090642
9652232584066
8660776367329
8660776579616
3770855836877
1882717204594
2611273403047
2611279994259
9651973211446
1597153441662
1597197360202
1597284531058
1597436471218
1597848063766
1598100330244
1598172969144
1598382574114
4341664834799
4341666386364
4341671024619
9652139411168
1127186745620
1127466608959
1127503801138
1127537339126
9651970968398
9651999376297
9651999376297
9652000894632
9652000894632
5738849782089
1626595177539
1690022120429
1690362237764
1690567556387
1691421500768
1265824163150
1272265041190
1278851247625
2610853625688
2610854321657
9651888335329
1682261873389
1682353000501
1682501782839
1683052358481
6753670861122
6753672246095
2610832108522
9651880649813
9651908160337
7632679211048
7885087800834
1587676520852
6753204163623
6753213395862
2610622532926
2610638209638
9651842477478
1676695505749
1676730371414
1676900923498
1677145348930
7966564160594
7966567371249
9651583002793
9651583847035
8629283813880
8632493230415
4342250155472
4342299883480
9652205579129
7408878042154
7424716013643
9079671561586
1144829044841
1145923930795
1145998967504
1146552579331
1640370141843
1640640318029
1640720007065
1640914196353
5738379942076
5738395461865
1586556650863
6753115105798
6753117707037
1203956131319
1203959011533
1204250897604
1204656427078
4639677079611
4639707014964
9092218302244
1588669481068
6753225457756
6753232003557
8826656572256
8826660220297
4342090610636
4342099345119
9652192957948
9651278174873
9651278847975
1282424918270
1286386150495
1332642356443
6495294180295
6495295464783
3212711564574
3212717242582
3853938801433
3854015259369
2411970658715
2411993186240
9651513998073
8933844800104
9651380915159
1983487872768
1984731530717
9652076613311
1578209887771
1578232471503
1578465926504
1578499609183
1923791547112
9652029255926
9652033214193
3888202507384
3890075914961
1591385831772
1591455722672
1592394084821
1592534117334
9652087663879
9652096465563
6002125298939
9652361276375
1813683455802
1813849395904
1813890707466
1814126393446
9873479295571
9873479367834
1263789914640
1265099894025
6495280155146
1801599355446
1801961996345
1802051763113
1802414715124
1763797063656
1764135895847
1764149124834
1764917265332
8691401935651
8697805869783
8723163259673
1684889056342
1685133712380
1685167414991
1685239305790
4210593317645
5739769424530
5741849781495
2611020926386
9651922265889
1198464404461
1198585630411
1199151847790
1199321102629
9651472547602
6495301160463
9873468801578
9873468902749
1636156997711
1636256509067
1636485360439
1636536675789
5738790552601
5738794175127
9652324988499
1279541042285
1281693190837
5738800804959
5738807972149
9652334958987
5738965591862
5738967392344
9652349849621
8168178190946
8168776823123
8727754401021
8676906401832
8676993341820
8677023007037
8827008546987
8827009080381
2411449041031
9651484916809
7951981305970
7964576432418
4342307876145
4342312607666
2028583639941
2036772563557
9652112526797
4125211365000
4126933480866
6495414326329
1825440805553
1825718725897
1825735784204
1825852104909
1933968559381
1934606505944
1617943056941
1618204587839
1618213850603
1618708814639
8677209671472
9651758351466
2412406633917
2412413182279
1312819115585
1322233943336
6495268683500
6495284486918
7966904239119
7966931661631
9651605735623
1610221665422
1610295906612
1610305110763
1610905214939
1898002968935
1899327697098
1358526746506
1361738985687
9092290287842
9092298431698
2412480803879
2412482838251
5374717251709
5381006235265
4639758726601
9092339186976
9092345160892
1625407146329
6753646796724
6753651865859
9651275214459
9651276224914
9651276893325
9651277034062
4167672669617
4178832159534
6495418720680
6040311159305
6043373812164
6044503282451
1105092524713
1120389873435
1120856225149
1127005379937
9651703363094
6753414967400
6753449194062
6753451355314
4231371187755
4231563534855
6495462192129
1168730083546
1169023047382
1169818095864
1170002375723
8660813763732
8660814387029
7967663323743
9651695732892
9651699965937
7967536508673
7967651034194
2034372543016
2036222525593
2610592520091
2610592980864
2411483414785
2411493162478
1713369954141
1713392673651
1714405822080
1714539469564
1816192294726
1816534043142
1816721653284
1816797776658
1601395081354
1601987369921
1602500293570
1602773944643
8677265597778
8677267522037
9651767318085
9484151999566
9484155579696
9437542771807
9479815275841
7625074524516
7625075124326
1684116392465
1684235391592
1684370836422
1684413582163
4342117566694
4342165379840
9652198115830
1259555994930
1261571678671
1353779777239
1363647631525
1365252722322
1373065559875
1646521301012
7624809220174
7624810688154
9651289163682
9651291796816
2610547173112
9651838560634
2611237610634
9651982931861
9651985148426
9651987309467
1656469562857
1656634809978
1656967153618
1657033887833
1559878165001
6093278117611
6104222797701
2611210786134
2611270825835
7966568719026
7966583586481
7624909865763
7624916647581
8677103578457
9651753250023
9651756036273
1762037298582
1762267665376
1762767611644
1762783878878
2610722162443
2610728148892
9651852012805
7966580321184
9651580287131
9651581181483
9651582394899
5738709531772
5738710205846
8677790825889
9651801921370
1699999548014
1700849584226
1701024479108
1701303650693
9651290126126
9651458642864
2411501719090
2411569991391
6324043582472
6357915351395
1961325777536
1971072214475
9652048134349
9652055656162
1355241640386
1355551728576
1369227904713
1371424133209
1371726862807
1372312387865
1373309363442
1373813577274
1378027541653
1382506030750
1382966160974
1384082752064
1387678399414
1390868536988
1391092369427
1391107326179
1391297299475
1392030071617
1395082809429
1395558653655
1398454092979
1398780705475
1399647864908
1399838407518
1401884680798
1402650889407
9873447848495
9873448069516
9873448942840
9873449214236
9873450306173
9873450667380
9873451482814
9873452242677
9873454336947
9873454503318
9873455517482
9873457330713
9873457471997
9873457624027
9873458006952
9873458606039
9873459169632
9873459924002
9873461332567
9873461428383
9873461563398
9873461633459
9873461842424
9873461959931
8472189165399
8478936182343
6495102853618
8826713278947
8826717797901
9652306179426
9652306525605
9652313013010
9652315489400
4342169129717
4342185258651
7966979027000
9651615996328
9651616024457
9651617579291
1791900208007
1682753135940
2021417917734
5280389893195
1693300038034
1693416305457
1693595831907
1693748792925
4639585717070
8244546176443
8319946121130
1582330866666
6259364789647
6262037947060
6262040182984
7967037964688
7967047293082
7967069755674
7967083667519
9651622546677
1638540545508
7624704171922
7624733693136
1637268012774
1637354446636
1638479024334
1638639527217
7966767096553
7966813776033
4342336894448
4342338041321
6066540564826
6074160703815
6079032623772
8660724329911
8660730558084
1632482603326
7624561300251
7624563211791
1128981412243
1129111772756
1129465798075
1129571755061
1155697961468
1158157463281
1158290046648
1158726610030
4342012174192
4342014822190
9652175162079
1653765013793
1653854036702
1653946008754
1654429068555
1226086764103
1226314243547
1226404279395
1227409141809
1826813275270
1826839605198
1826898227331
1827544737303
7949931535331
7970628222180
1758378442845
1758842286067
1759207827253
1759383217428
7107669774068
7121592626119
7121592626119
8918117903775
6465928538006
6471793872640
6478590976144
6497722183229
7204290366454
4639549645579
4639558170505
8660822181176
9484241549589
9484254361765
1954796734580
1954834414306
9652042562902
1208810612287
1209812489969
1210355428018
1211055033359
9651306465065
9651471872071
9651477352010
1774997446293
1775111469273
1775235532129
1775302279261
4639517592348
8660627087949
8660631087218
5953850245181
6003487511940
1178907985269
1179024926463
1179362075342
1179399738357
9295309744668
6495135513510
8826845690051
8826853781604
6243866531774
6254127767986
6262064534516
2610880907986
2610984343451
9651909095935
1743794381953
1744303192589
1744425259443
1744619136550
5738489259583
5738508207052
9652262575515
1614133881222
1614633093132
1614765573588
1614981724153
2611010032677
2611015313054
1673027245564
1673390862887
1673698813215
1673961433614
1675092045322
1675122739931
1675390032017
1676217742317
1647909297873
7624821773979
7624831011320
9092193607280
9092200404666
1557125552932
1557217337669
1557832952124
1558296358354
1194569801143
1194753535915
1194955356608
1195428606015
8308259254192
8316336957539
1603010929836
1603026235761
1603245854750
1603249361223
4286055225513
4293702232961
4257120831465
4361207961126
6753571379245
6753595612922
9322694539255
9338000226733
2610996442234
2611006223232
1668162945158
1668176564833
1668202197608
1668369507340
8126342955302
8150231889744
6495368666809
9873475057913
9873475067165
1610861842122
6753460111468
6753471590214
4341955658646
4341956788793
6540934991264
6556415576981
1241351594476
1242044005675
1242243451778
1242744355650
1655438089043
1655539729640
1656247917107
1656415516330
1239500562117
1240502257963
1240636983080
1241089752797
9651681365912
2610776578641
2610791389390
2610812127901
1606796041679
1607148367843
1608014471657
1609096581272
4342338781395
4342373693127
2412957998053
2413012395794
1678431733829
1678584803868
1678788312845
1678944374632
6753494680961
6753516375301
1583654665157
6262055752448
6262057985127
3738790746200
3759003377875
6495403911314
8052091637971
9331435974903
9342926511576
9064589743247
9067063103612
6495113925687
8826746628580
8826750370796
1980042683821
1984980936940
7966651391276
7966672036613
8660681393765
1595743739373
6753279430439
6753291546200
6753307161816
9403531041879
9438853624042
5528561798327
5552693767678
9873466896095
9873467148582
1223160708336
1225033670788
1225161914471
1225350516431
9651571090658
9651573229414
9484201248262
9484205870612
1840670073633
1840716151202
1840783159651
1840841464871
1586467038927
1586583637776
1587035236929
1587069032931
1787772388039
1788755447545
1789516495447
1789672566531
2048030513532
2049073164354
9652087384606
1812912144531
1812941852957
1813413332007
1813459030912
4640306405701
5539982992997
5619287881285
1622405366407
1622512926433
1622653940855
1622699652088
1293929273535
1298892728501
1305900642152
1330596500509
1712641221643
1712860851959
1712897755886
1713345071855
4341684427001
4341693283728
4341698329469
4341705061160
4341715644247
9652140969641
1799984561964
1800377741228
1800848357903
1801133498011
1636589238955
1636593936274
1636609762033
1637116269077
1164280563316
1164292867204
1164429911596
1164586632327
1289481210354
1293423551665
1675956421088
1676168231243
1676377706488
1677388756615
7625184557992
8660386131587
1594200405226
1595780573688
1595891112240
1595935478851
1016541943354
1021786662427
1038701848347
1059340807229
6495175563001
8826942219766
8826947510004
8826956345925
4341587165369
5738761950733
9652318854922
1727151698205
1727197929608
1727318148178
1727504724544
4342075764262
4342079256763
9652186578661
1161471904620
1161681877103
1161783244209
1161983657236
1161995659020
1162130668891
1162368013111
1162716858562
5738794109450
9652294006759
9652302366325
6753391609263
6753398044562
1250768846078
6495221859430
6495229945227
1671708026273
1671835279542
1671993250025
1672961535397
6753085306577
9484096059899
9484106861702
6753616457211
6753640503120
5739048170608
5739053429401
7967724530356
7967758385489
9651700880082
1949753315216
1950351139340
9652042739694
8444968877786
8449961208629
2412902634494
2412907478376
1356274971201
1356274971201
4640310163277
4640345139438
9186303846277
1165701458112
1166008318734
1166131992085
1166146828003
7093039282687
7098933385755
2412812880974
4639639366957
8660817049412
8660819001609
1154717615862
1155178445975
1155210070035
1155540806663
8677135595651
8677149615345
8677179880492
9639723001905
9651208593330
9651209405991
9651435903780
8826642769738
8826644572794
5256574084990
8677852971134
3984171217511
3984853702823
9651247912567
9651248880193
9651455819979
7967299866317
7967300476627
7967722324469
3251442445745
5360224556499
5361903903894
1206412563686
1206667539986
1206698074944
1206826748457
9651495795202
3920116268552
3928529815325
6495405250695
6753118268315
7541368862983
1599653625665
1599713267446
1599728471258
1600653971062
7709865389666
7727233354757
9223891493831
5259886956603
8677771487211
1895302337331
1897743386039
9652002771863
8677550832843
8677554098139
9651771071020
2038836462820
2040208014971
2046964364015
2047060767052
2412954758643
7967720826712
1791214455548
1791664562469
1791686237628
1791968210769
4640217033819
5414044547820
5804460873885
7967652288657
6753134142842
6753137105646
4342261248194
4342273079793
9092326815728
9092329736396
7966719578533
7966733599705
9651600656336
5738460601912
5738483925262
1945384499110
1946079474023
1947121090246
1947787012392
1948886006640
1999055912019
2000508916764
9652081213261
9652086944931
6495148541654
8826950272500
8826955787870
8677030287408
8677036376410
7528393368833
7559894872512
1606036718743
1606057815360
1606706252560
1606756121915
4342295969096
9652209084940
4531064079283
4640298462119
5039554267947
1685467828870
1685469298862
1685589076449
1686014753201
8755256803340
9651334912692
9651336204757
1323602281035
1324460275525
6495242317643
5738417952814
5738429428291
9652226821917
7967273974687
7967277938180
7967320772983
2411642978912
2411657790516
4385974968898
4394227186507
4640393063341
9290636626663
9319231000651
5284764597074
5300313900987
4342234768179
7966691833149
7966702118777
9651597723721
5738812138400
5738812533410
5738822326804
5738827615125
7624871099012
7624872652216
4342032411758
4342060130942
9652159848081
9354781619960
9369788960854
8462605935101
8468785759117
8468972009148
9651337894490
9651339808945
9651342183954
9484119492801
9484122614634
9484124862590
6495287884933
9873463672203
1830973460285
1831073038305
1831331942108
1832090793635
4639868393045
9484000143454
7967416046714
9651649063287
9651649899053
5952570661998
6004757717673
6493737895324
8776521705824
8782957686453
8807998251368
8812017589599
9176106774396
9651415239977
9651418055000
3212836619012
3212853311197
3212858328039
3212861045008
3212884851785
3212896903205
3854371680364
3854379985577
3854384756278
3854386719974
3854401968066
3854418733138
4342276121727
4342278196525
6753098185367
6753105429682
1614641571691
6753441095619
6753444528756
6753446746127
4010431998865
4011202413273
1140341834519
1140511296581
1140656039265
1141190659995
7814632963847
9304344601116
9324438317754
9332717394525
9651400861183
8587728431061
8604624426660
8774469326842
8798882508814
1188303698403
1188604739638
1188730604909
1188979515646
8226285849178
7966625494590
7966689505126
4639544327357
8660701041898
8660710324067
8660710686479
8660721369705
1159220146605
1159257333504
1159356646284
1159358547268
5738431569920
5738460349340
9652249623178
1571689967414
1572797817769
1572989866636
1573154962740
9109076079970
9112952662135
8660539014651
8660545381327
8660547079703
8660555282171
8660572512015
8338514757878
8632974788466
7967154330243
7967156929841
1136366361338
1136470366687
1136494749985
1136776285941
6008292537437
6057127286286
1933506973891
1934649742931
9652035538334
2611207132159
9651943145252
9652198320418
9651211210583
9651219527973
9651435761793
1629469093478
1629795393990
1629878969449
1629953563463
9484200780374
9484202605453
4341999062355
4341999509867
2611083966206
9651952676822
9651958381126
9565172386488
9598283344580
6495305042871
9873469878425
9873470069119
4640221160112
9484242820489
9484246130980
1185803656889
1186012273393
1186826245388
1187749451474
1942548141564
1955524560556
8635757152706
8657526922969
9599798979601
8178862096263
8209761054730
9353684004521
9404991303293
1152776218918
1152892248325
1153075853756
1153191577994
1212517299184
1212740284162
1213069159964
1213097655315
1578004639742
1578042210255
1578096593540
1578136902332
7967681349930
1330666792223
1332078748775
6495296344169
5328548787753
5355262810443
1791036148062
2610903104392
9651905948136
9651909763339
1332675457483
1334295519640
1336932490565
1338222517389
8660659817750
8660663061507
4640203846881
9484184185745
9484185150667
5738499191026
9652264182056
9652268937751
1785509243811
1785568086053
1786668922180
1787026259412
9042172879474
9058628395887
9651386664891
3854308308866
3854324573996
3854325977519
3854329268934
7310078852832
4342183701883
9652200581530
9652203190074
8100582299686
8106166118541
9350226885341
4640397490440
9346292554083
9361163115064
4249198282034
4256527336580
6737123464740
6772966277058
7723958726404
7024173641405
7053463897116
5739042307468
5739045649398
9652354315302
7624901263215
7624941623789
5738811363056
9652330761239
1829570905176
1829634636824
1829634636824
1829764660638
1829906117334
1822684581403
1823945669120
1824139085023
1825017026817
2611135256781
2611141273734
9484004832910
9484005414948
9484007162830
1562499602954
1562872709157
1563801287432
1563944817497
9484033503140
9484035454976
1703043846640
8660531832925
8660532465139
1579662725402
1580328066944
1580508471216
1580627088227
6753691761012
6753699080016
9652051075929
9652052705641
4342155515913
4342159714077
8394282059699
8403261592789
8415682602695
4640124993954
9484114757844
9484129197147
1622903608702
1623185285476
1623330060071
1623450062054
1685456990144
8660444217529
8660447774036
5738922691376
5738923213690
9652343510640
9652348452167
7967618571922
7967626197077
4342200053667
4342205177603
1773209110892
1773277127273
1773984667116
1774442870239
2610550338928
9651839353969
9651840770649
1213396528792
1213507350854
1213809177517
1213887767341
2411420033109
5738695922448
5738707131431
9652263641516
6008382538641
6137980395100
8677222343141
8677262015169
9651762448992
1226914834473
8827015973936
6753327776397
6753328219497
1746008577425
1746058231384
1746663643985
1746703487661
1734839414224
1734931737863
1734978107216
1735110587828
1626393070261
1626516706480
1626851529164
1626856527752
2412511579575
2412614237099
9651547296916
1717578866653
1718047059828
1718241324319
1718320427689
2411503687427
2411640636746
1760985083045
1761089360711
1761232752165
1761449460617
1712898955629
1820706161589
4640223563423
1649338223348
1649498240346
1649558134417
1650931429914
6021538175248
1652076731648
7624941923438
7624979092229
1798276635123
1798440675702
1799064931946
1799110465968
1232884522081
1233404368103
1233593957850
1233798157840
3792066513989
3887226901444
6495117563410
8826757876109
8826762409903
1701437830725
1708250070734
1708853143552
1709128228660
5738443479507
9652260190826
2411438479166
9651470361729
3854828395568
3854844666185
3854899577955
3854899700803
3854916922027
3854918034025
3854921830225
3854922410518
3854933175123
3854939037272
3303303951015
3303308161488
3762743105899
3767095901755
7966586546765
7966589469153
1635600870716
7624704742993
7624725154768
8490583478655
8511313495459
5738713197322
5738736171484
1833748308317
1833770998401
1833808097069
1834010831137
6495342929074
6495109345598
8826805617111
2611025469390
2611055534716
9651974185326
4640086826284
9484076770851
9484081253837
6311935611983
6392164384336
9092339591329
9092340608566
6153473404494
6153800059151
1289110950811
1301935125356
1316597207968
6495277004631
4341953087554
9652159850978
5738747183261
9652288867137
9652291622549
9652293186292
9015066337879
9025652035393
9032593464441
9873465774554
9873465922771
1911209980811
1918789227305
9652021500376
9652023717161
5738488690790
9652277542342
9652281030125
8660601856134
8660604852065
4208400927934
4209535469597
4209535469597
4224181455565
5385633601752
5387291782972
1779944843439
1780495762001
1780666689090
1780954559289
9873464271856
9873464434169
8292978914508
8297383281764
9484011368143
9484015102446
4640356285285
4640366189795
9124979927968
1205178247885
1205408301141
1205540668829
1205543480428
2610852975821
2610891024481
9651890145114
9186706995947
9221487506866
9250446883465
9252920651461
9651389500516
8826986811803
8826990689863
7624995590815
7625011753382
2610690229759
4639656491335
9092201864780
9092206786940
9651851239197
1616422793629
1617200942239
7697159168403
7704093292849
8826721711184
8826724787650
7966525843771
7966536242921
4342226914218
4342239186824
9652200242042
8826713275878
2610487738754
2610489034205
9651817059715
9651822533453
4640387161459
9287185295167
7484434443795
7498088293736
7592116982361
7625968023248
9117862985060
7939032293742
8001419644955
8660687475861
8660742066379
4341652735206
4341657735829
8677557688887
8677573979334
9651776711136
3606280363216
5390801162881
5430882357568
8660688998338
8660698902578
1819797012726
1819891504226
1819916223668
1820140471787
1782909917441
1782958993465
1783112890859
1783193365802
9484064576168
9873468508538
9873468660038
4342251144123
4342256397050
1641526971611
1641701756958
1642277703681
1642411359316
8826890726873
8826902884058
8826911522774
8826919197035
5738894222295
9652338814821
8016137423140
8029269599614
4640084288008
4640090610862
9484075340635
8110314125800
8119415573299
9259246479410
1702844012261
1718458917663
1718496801160
1718990534014
1719082590505
8660492057474
8660497192385
9651259414219
9651259434071
5738935757458
5738937457295
5738943177309
9652344431715
1222861382142
1223179620759
1223268908713
1224456456726
5738831944716
5738838073730
9652333738658
6495190212793
8826922886315
8826924807301
2610804709658
2610811939307
9651858858070
9651860920062
9651875009912
4341606103297
4341624242022
9092263138720
9092265294561
1753497596875
1753542553594
1753705293534
1753736341297
5738544782032
5738549539914
9652247288591
1752662814622
1752760545329
1752875171833
1753442227786
6139809514075
6294197944269
1802534203846
1802909073968
1803271442321
1803283677056
1353253204664
1354984491699
6495295680848
9873467800794
9873468316348
1668697584488
1669189185800
1669301041472
1669442298599
8660807792175
8660809216693
9651311343655
9651460809774
9651468575886
2411247624191
2411316369527
1585140596716
1585388512301
1585967640333
1586252575088
1630268528306
1630493831356
1630776504335
1630821722769
1613141530740
1613402633135
1613844079003
1613991570583
2610843408512
2610845085445
2610848778450
9651866000713
2081260157527
2081260157527
2081260157527
3303334732591
3303361966020
1611943030697
6753416468264
8826925068541
8826926618103
8826929698119
4341875442295
4341883111329
8961976084871
8965654429114
9651374161456
4341904579633
4341928403006
4341948233317
9652141329598
2411590819497
2411608038384
9651479706422
1727584480927
1727600635706
1727878738680
1728005675380
1889227292110
1901332327423
1133915885246
1133975443479
1134115962492
1134473608759
1627003056873
1627003056873
9041615036382
9044407462901
1773977221950
1773977221950
1648184191764
1648249407229
1648288489477
1648373869078
1648412743307
1648439710719
1648720498210
1648793750048
7110977653741
7121515935601
9019739865317
8377304551456
8385954269379
8425206989669
8425725414796
8433560238903
8433655383235
1241394028150
1242708608679
1249950975863
5985074093996
5986743845137
7966592737157
9651587310825
8660755125445
8660756568234
1556306495846
6048817371146
6051517697126
6495387604967
9873477274271
9873478456461
8676772442656
8676782789796
8676788480208
4640122798421
9484107151963
9484107938045
9484113143785
3141898351441
3161777746786
3175157756982
3185173369899
1935802636135
1938983603552
4639621684960
4639655983695
8528464662876
8528923540509
8545203274114
8555610472478
7253620144385
7259054914600
2411733635618
2411834680012
1735225459737
1735341936112
1735823445705
1735988980134
1911204632463
1922002678294
8677205020397
8677207002735
7365324351058
7378711394873
9024627811628
7967810106939
8676752691319
1205952404565
1206023731412
1206330714726
1206388054690
6014932294073
6021772923056
5738524612656
1625204614564
6753604611236
6753609546489
1159424734974
1159576612960
1159621614147
1159703535643
8826778015846
8826781572190
1373231076090
1377103871806
1377636955448
1379982804289
9652016416842
9652018187641
9652018541337
2412655983757
2412832128766
2412841483559
2412849393683
9651550282913
5738377362548
5738379608965
1704561853929
1705574440229
1705847052920
1705856230784
6036917973759
6037400118732
6044851037789
8990311972016
9034888371267
9651385161049
9873462551097
9873462764718
4422215845911
4435428642031
6495466464697
9484229276940
8041523819696
8049786471422
9534615333525
6129862816896
6137022166309
6139642672833
6143832913033
6019934371753
6021568334424
4342008081923
4342029522665
9652147620750
5847375820773
6499183204963
6495397046788
9873475149632
9873475254503
9873475302464
6184182775889
6192104477001
2412169388277
2412197871598
1144556202637
1145157066741
1145249720919
1145702112299
7327485724348
7341084741575
8959143373125
2412723630279
2412781197721
2412796755558
7967498435109
7967503059948
4341850424728
4341855481191
8826728888087
8826738301385
8826771286502
8979840698956
9037629081524
1597999228663
1599951530364
6753328368133
5738857557181
5738860180574
5738869087683
5738869358301
5738875245886
8660609930676
8660613468950
8660617375377
8660624179067
1620950678556
6753521434352
6753539155324
1154016515702
1154126730491
1154361190418
1154499004885
6753330481653
6753330496473
1147077914027
1155447291319
1164311624092
1198353013699
7635265240781
7656837591384
9178260047729
9203652403910
1740404524557
1740527388753
1741609479161
1742099896971
1709689459350
1710292674825
1710357101648
1710379011178
7625042507411
2036374896008
9652102660869
9652104851944
9092396827942
9092397196238
8192942207004
1693951229645
1693997679138
1694017529693
1694080580232
1632468189417
1632739341698
1632777519639
1633218994374
1207910303798
1208191925303
1208415533888
1208581043099
7967697229110
2414112815106
2450123522893
2622857967794
3100947921707
7624518174850
7624533105686
6134502096934
6177281271840
6596613746052
6599903013568
8820024443940
8820430839405
7625134981761
7625135524349
2610758980851
2610843845546
9651882403291
9651895786602
9651906574556
1615390943326
6876067276931
6882264092083
6897697053099
6906194820209
6931737604923
6932926869628
6506195045559
6521600797403
2610510844841
2610512538717
2610531819781
9651831711798
1922316294517
1923212620660
9652029960721
9652046141752
9652048128225
1561663507989
1561665076537
1562029868881
1562385810388
6531492235808
6540185651085
8184918536454
8193624394562
8209234836641
1651124625304
7624863492029
7624868327395
8676896318738
8676902318677
9651720120649
4639532266859
8216432624376
8387419293097
3954161760037
3964586674161
3993851517230
6495411485494
5911314189808
5914104621236
4639781687931
4639805673315
9092390929338
2411145351793
2411191411724
9651311734446
9651318235410
9651321055609
9092320365236
9092323328245
8146723734227
8147563928821
8185124619139
1674046329136
7625149900542
1192458442002
1192546128641
1192820229095
1193497453196
9651391862626
9651404836217
7967443282253
9651666780143
1957097545107
1960654375468
6774297827339
6788462189702
6809971553263
6813175694349
8426262641188
8828401491287
8855988025772
8892399099152
9423691369903
9651421776152
9116170477335
9122408994208
1651342375258
7624881601991
7624896750806
1305602057124
1305909262450
1616216291614
6753423087700
1747785854471
1748173798506
1748248558271
1748298712562
2610932444612
2610948366861
7619607135096
7620846336144
3920278023693
5527302986535
5569578877438
5582121041759
1661100719491
1661248253864
1661395404409
1661427607150
5525439377981
5999673603128
6002852531149
7839064429075
9438955728945
9444520190932
2412924711678
2412924745505
4640224213839
9484263278108
9484276525046
9651247346591
1782184047543
1782188069282
1782699287618
1782872593673
1581226927726
1581246633829
1581326979199
1582085887534
2412984640574
2412986149648
9651556201840
1670098831863
1670142460223
1671204879380
1671387753217
7515422183512
7515422183512
1600687026172
1601059750718
1601278922828
1601290533286
8677970326298
8677972310790
5738981278884
5738984150873
3854463464803
3854502728620
3854535305812
3854589802275
3854594041324
3854599404346
3854615005502
3854632182699
3854663046137
3854675146337
3854682892722
3854707837479
3854716299251
3854719951118
3854752048424
3854752145871
3854769881748
3854785656993
3854809587272
3854821428225
8660555341526
8660560098705
4640369379711
4640380507803
9243332008981
9092267320664
9092268220086
7966627119781
7966629018631
9651592231733
1583059843761
1583950329753
1584363688796
1584988697500
6334484461281
6344196534166
6838312215416
6753684870516
6753715367008
2008550152789
2009241699415
2009594851775
1634578941411
1634613230906
1635459162178
1635793070689
2411954290337
2412167882302
9651524086776
7967507625422
9651667502171
9651669748447
9651671569238
9651672326199
1131915257728
1131952464752
1132473371963
1132904337988
8353325041794
8361055560126
1153334069942
1153393899931
1153560885132
1153892028788
9163947211128
1817454655026
1817655828915
1817967244854
1818447776216
1213173247816
1213174345542
1213263272377
1213314831782
1570079472286
1570192267363
1570510444179
1570528425115
2610428545724
2610428902480
9651824686706
1174558115871
1174698202943
1174988124894
1175837037518
8826810634363
8826813847586
8036505771352
8106804665741
9319824176510
1627103331962
1627716315021
1628428932346
1628555061414
6104598873061
6114202567248
5988916594934
5989548036540
9652353098183
7967764365222
7967807558994
9873473966385
9873474052872
9873474827197
9873463396710
9873463670469
3542109445469
3560737409424
3568468640581
3576337377254
3609757842146
9873479811009
9873480261244
9873480366338
9873480376061
9873482142206
9873483369527
9873483863223
9873483874373
9873484540987
9873485330044
9873485510248
9873485834405
9873486379509
9873487340010
9873487559221
4640217824271
9484248564127
9484253999778
9484257339341
4341950529613
4342003836344
1087525529086
1152921795141
1793106131370
1793633424372
1793823841132
1794028505652
6013581377847
6061406749553
7967514770757
5982567328481
5987506560373
8677473901107
8677480768281
8677539677380
8677539766640
2610639558599
2610662669736
9651849317470
9428443769598
9651423481474
7624654230243
7624658140302
1778480339062
1778985747331
1779220126799
1779267478066
4640206563013
9484193930978
9484194329337
1195480477790
1197088314606
1197814334380
1198089219846
8826678632624
8826679262714
1805632923944
1805691278009
1805929044123
1806156269891
4128575559610
4137651601204
4139122781538
1730123985852
1730141844858
1730444624058
1730449794398
7967094949123
7967104278847
9651627436713
8677363420176
8677409184444
1639298150150
7624734266568
7624740320667
7624740320667
1573253935140
1573279722892
1573771303865
1574363564909
2611134545633
2611156240493
8677574613084
8677585296764
8733182786449
8822129945619
9651323876509
4639780223048
9092266712606
9092266864787
8677435459400
8677456535503
9092302872790
9092304695236
1745871052268
1745927409374
1745950463459
1745995978390
8677631174251
8677652723537
8677684043627
8677695177755
2412352200201
2412366293916
1677350592296
1677726635411
1678002109534
1678402821661
8330813641773
8334641598834
9411076292618
1177386517527
1177452933565
1177549358448
1177916038140
1628984770796
1629059489339
1629117237438
1629445812284
5738639807398
5738645262082
1754031054639
1754185353749
1754224354461
1754372916191
9092304901207
9651300368362
9651302659246
9651305356494
8897632327863
8903744583070
9651348130976
4342426341036
5738365161252
3745356128349
3792892757366
8826931442977
8826941591184
9651225598127
2610666749045
2610682484739
9651849482611
7921910180954
7929762054751
4342206086911
4342215011867
9652195924565
7796473014189
9128370657530
9222779513067
7625151777101
7625153715170
1751896342222
1751931288935
1751947114969
1752399557373
1132994367629
1133337770854
1133383558413
1133556609942
7162557504066
7170271994834
7183459222995
7182065785832
7241828419244
1284708309828
1313119606650
1369469575757
1645611594419
1556916673467
6053597126299
6056713211848
9873473396274
9873473411755
1234227731815
1235294050618
1235294050618
8677434600445
9651777049597
9651787973134
2611193270156
9652004159126
7729489888321
7791956313575
1381872212494
1400493912382
1404453889684
1416407633458
9651747651607
9072224440536
9092286725600
9092289826465
1832476350186
1832595697995
1832833624752
1833319300672
1665982571796
7625061561067
7625064196143
5738808686120
9652338726605
4072691237863
4073092004245
4640122522835
9484125969649
9484126506232
1750905388336
1751281811838
1751429791664
1751629354560
8599838533832
8601645234045
8627784531173
9553491537889
9581630654654
8677712213244
8677726544679
8677743954741
8677758966135
8677766665891
8677770657080
4639781615675
9092366121001
9092373535815
2017057755485
9652073069166
1652473323378
1652577435168
1652709846473
1653196264801
5738953103565
5738959941116
9873469638937
1719142289776
1719897765570
1720089733758
1725107164576
1595574758444
6753274644558
9651284725564
9651293453458
1214184799851
1214488082062
1214501575175
1214533608506
8060785955997
1731002137409
1731045462230
1731093500939
1731153665745
1578746983431
1579240216391
1579434742644
1579453886961
9652014633173
1173385863757
1198497364046
1412950050070
1412950050070
1507438450036
1693856817787
1837547921180
7624980622040
7624981958407
1549074357591
1552061743147
6028401126697
1799216972605
1799434718207
1799751561111
1799821131619
1889839099305
2611270943720
1658598532886
1658713231748
1658820236506
1659300532361
6495144924246
8826878540842
8826883339905
1698454072453
1698697487762
1698984510388
1699072418944
1176089496856
1176479146989
1176603369819
1176952142231
9484068976292
9484071362051
4639854994522
9483989467339
9483993703126
7800026338070
9234168669835
8905226445357
8912167559333
9651355162229
1702000209993
8660468864907
8660469711132
8660481899429
1931061280072
1931549068468
9652024789730
1236558297947
1237101819340
1237244441101
1237297621017
1665188713426
1665655438906
1666159572134
1666288459610
1130008840120
1130023745042
1130172331806
1130359903796
4499548718403
4557103966499
3042743384723
3136788502775
4640239466145
1623085373358
1687968287347
1688332384785
1688560001966
1688717205445
6753571527455
6753571855213
1663679928182
1663703539780
1663866790615
1664193239204
6167749284086
1228793018869
1229958595157
1230076427381
1230614185414
1333814204098
5243318991485
9651819020843
1127602297658
1128071091990
1128097173373
1128604203326
8677906932241
9651824402054
9651824499122
1233978177309
1234029605826
1234254934210
1234458976467
1564624816649
1564931648544
1565282233557
1565391407092
7460005060059
7464424991413
2412573537964
2412581915716
9651545939914
9651550975365
9100834496190
9114573979128
9651414632687
1066219911475
1170595401410
1189510089190
1247318062347
2610558879386
2610570348921
1211446900215
1211606144800
1212144508635
1212207683873
1238819980421
1238956720652
1239017080784
1239110957655
8677600059060
8677616661837
4639809885257
9092387624604
9483970458094
5738616147721
5738617108349
9652272691694
1346124990476
1346421523988
1350465927299
1351197565773
1592747809170
1592974425174
1593010113185
1593048477778
1667888556068
7625113240193
4640136326825
4640141756617
9484129531200
9484130354171
2412631827204
2412714987832
1218630411007
1218674175361
1219383284238
1219609077439
9651552055010
7624672186362
7624674848213
3212743057655
3212749740018
3212760277258
3212764336746
3212775778153
3212797973093
3212813814492
3212813976534
3212818431144
3212827653773
3212829458253
3212836088061
3854116101291
3854118957766
3854120779424
3854123319641
3854157716874
3854191519745
3854214955871
3854225489259
3854235063906
3854254062812
3854260965794
3854282532363
9873479078341
9873479143223
2412496294586
2412609946869
7624519176709
7624532407996
1738928683829
1739404243803
1739817573146
1740230021619
1436844708762
1448194035054
1456118489524
1474262178637
1479515418119
1484467031835
1495366126072
1507956977138
9651804697142
1694138726551
1694282266286
1694490651287
1694679217372
1766834911101
1767117566100
1768023346268
1768220240130
1686225802798
8660427147126
8660436299533
4416401950718
4419566078242
1754387836804
1754478655178
1755417616397
1755881198412
1693745022216
8660462255367
8660462809522
1733754094313
1733996785086
1734086768514
1734525461617
1638455214988
7624689209610
7624690168487
4639986928914
4640024968588
4640041336209
4640060525066
4640070110795
9484046863002
9484048723335
9484049538532
9484055348392
9484056528656
5738734539736
9652286663243
4640401632637
4640425383515
4640460276216
9382832407792
8939212056050
9651364046510
9651367827680
9166297738734
9196165968352
9196568243995
9651221223320
9651452912871
9651455474338
8826792247810
8826793946385
1630299085502
1692753999572
1692834844432
1693233824568
1693272009087
6753682597774
6753684067787
7402180837798
7451799029551
1221764339703
1228161211953
1235249422545
1250180700835
8676876897086
1580900283387
6224343356011
8676888110203
9651704503758
1201861650949
1202135024633
1202341752900
1202384255604
1572466006470
1576325339631
1576674710884
6168869751311
1706081025190
1706697746571
1706822669768
1707374230000
6079980671023
6083680623589
5739018873362
5739020306032
2412005631673
2412047836647
9269179604278
9342350562304
1974154586064
1974741147531
9652066433721
3212684917964
3212692738988
3853853464539
3853859013854
9873463709558
9873463859499
9155392741619
9230836367843
2610472894403
2610475829426
2610519872838
9651845485500
1651684902426
7624928753683
8660563462442
8660570843258
8660580286847
8660588753884
1702332446745
1703029156817
1703231714348
1703557171450
2009731889630
2011985084983
4640163750662
9484151784872
9484156818220
7967357917852
9651645815125
8826665056594
8826669320875
8826669753536
2412098865061
2412138284678
4640213296003
9484197294571
1661459978105
7625019163411
7625023811834
7625035144616
7625035899608
7624746619628
7624755910839
2412465582171
2412476356600
3999270979888
4000350639482
4342229896092
4342232540135
2028718180621
2033790321732
2411378900119
2411397437849
3200795541611
3209555436181
3286238080671
3293356485554
8826775785223
8826777753718
1141810911496
1141881621355
1142701613970
1142803780792
8827718524183
9651331689801
4102059681059
4121720626021
4640182075272
9484163988015
9484183068278
8660594739940
8660596052580
5738584433321
5738595366991
5738595710244
9652284456533
1611014710800
1611059672439
1611069654678
1611494357441
3852747439509
3852783304700
3852801127250
3852828842518
3852877722526
3852878799244
3852886239442
3852907471097
3852919238466
3852970692016
3852971376939
3852972297851
3852979854927
3852980109498
3853055391206
3853056922812
3853081637149
3853110182626
3853137025425
3853147387681
3853189696413
3853204286995
3853212532701
3853218659976
3853221679879
3853222429749
3853260425475
3853263201311
3853271654017
3853274307781
3853277636291
3853303092985
3853337747318
3853357349783
3853358409479
3853400221325
3853417819843
3853485217503
3853504500760
3853505216882
3853524443382
3853528456821
3853541051133
3853570960826
3853618804570
3853622594320
3853623089177
3853627483445
3853645906520
3853651348079
3853666938289
3853685207038
3853688986459
3853694930392
3853705435359
3853750291320
3853766227320
3853772681093
3853777315917
3853805737797
3113201875555
3130104406044
3134847976642
3137074432707
9651227661195
9651234587310
9651448336940
9076293883393
9076358295420
9099588566207
1674089855036
7625181374806
9092272667785
9092275798592
3313991515826
3314001593438
3314002590337
3314011330719
6127799323654
6133295214105
4640217231222
9484218851554
9484225907435
1151225141043
1151468183572
1151715807220
1152579088350
9123469352686
4184520264077
4193562732246
6495429024128
8826650036877
8826652590148
9651260244058
9651262265211
9651265086158
9651267794983
2412737819332
2412754007477
2412754916854
8826675356486
8826675777465
1792111985770
1792145264612
1792286170599
1792348481175
3467434767393
5474845191929
5508113963526
2413027755392
2413086196419
9651579910064
9149499852651
9173945471028
1297818525798
1301453789795
6495220756570
1787153782166
1787236367082
1787353048628
1787542840651
7967311504777
9651640051184
7966948311666
7966949212238
9651607247674
8847160544584
8857082250746
8860164971989
8677823816327
8677833238072
1820218780032
1821041609064
1821050835188
1821111443871
1654457134208
1654711411069
1654935116924
1655011326053
1162854319321
1162859298959
1163500006282
1164181341549
1763091724116
1763263532761
1763349536515
1763570914212
4639723486011
4639727426723
7263035743851
7312384583790
1645787834449
1645868140841
1646389596513
1646408024096
3313936168841
3313957997895
3313964262313
3313975382468
1623743225999
1623757417311
1623984945441
1624142829276
1595935941058
1596423026813
1597137669754
1597141693912
9652131551152
9092209398188
9092209793426
7625106329133
7625111657184
7625141732950
6495366429925
9873468972681
9873470098904
2006234440696
2006241674251
1638696354610
7624629702225
7624651170504
4342015696196
4342024775998
4342024775998
4342025753995
4342028022609
1682418775528
8660417015930
1678945984212
1679641105307
1679876846921
1679946344029
7835759945448
7836916303491
3314011973725
3314015112496
3314022939116
3314028930582
8082953038417
8089092540238
8094521261547
9345846112403
7624760364320
7624762185435
7625113658431
7625115579604
5260007911722
1765586478498
1765609313805
1766145522546
1766786989302
2413056415090
2413105678643
1221562946110
1221799998708
1222045601632
1222741714001
3628305030910
3690254095265
2610470737191
7290976756237
1341220685639
1343319852823
9015182188966
9080199413585
9528822572426
9529664188950
9651432750806
4304332508958
4311614739016
1215377640585
1215732372946
1216221553266
1216634972845
2412321676983
2412336802445
9651534846322
1666371509031
1667252120321
1667270960572
1667446910271
4341530000402
9652115980916
1263101942504
1263351214543
5780601704983
1993758447731
2002636622661
2002732243548
9652070350366
1565435136223
1565628509698
1565775608251
1565795191085
2610552835524
1650632840919
7624846358236
7624850230887
1731379859140
1731855802240
1732129161056
1732413352443
9483986429965
9483987963390
1146745524384
1146747246710
1146806454940
1146837408516
8660643646618
8660651000280
2023843439897
2025317446158
9652111055427
6495099746498
9365748579272
7048787373422
7170707187922
7634380400100
7675569366152
9127317728951
1701394403390
1701718069721
1702117729360
1708213048701
1252741967480
1257273961043
1292817682534
1293651941535
1768708735738
1769205342719
1770004213025
1770778728404
7967016956932
7967025585796
8677090868371
9651741220021
9651742029883
9651743572791
9651743826115
1728103365206
1728649384662
1728767326346
1728907961031
6411926518533
6501426181433
1213681076540
1558496256436
1558934172625
1559468523280
1560215382685
2101197437834
3303367691629
3303373408594
1225361092238
1225447075599
1225681279302
1225784356009
2042543077468
2044462229119
9652118800600
9652119666663
1750173135588
1750175640806
1750444966828
1750785457894
1220310804443
1221023865622
1221208548753
1221231535423
7624948896223
7624966583273
7624972441659
1322241004425
1323287716259
1803737247187
1804368382797
1804686396766
1805083388408
1430234953435
1430234953435
2110332101370
2282271614720
3193829377976
5310096598660
3212693095035
3212695916338
3853865607559
3853875567157
1736103996054
1736382244877
1737204592251
1737670894118
1365233936908
1605510027746
6753581433388
6753595153432
1143361664623
1143392572744
1143579560472
1143582292421
9484209916064
9484212081391
1661551872820
1663190810133
1723992351194
1724221785193
1724412752720
1724666806781
8660783418656
8660797375679
1860257885152
1930212344823
1680104917207
1681153489547
1681296304196
1682135175779
6753597435352
5738580548555
5738584357405
4640091114963
4640110477680
4640113886281
9484073988396
1040324885104
1054885471416
9484233300341
1826020817317
1826224192425
1826361163630
1826669687739
7967136172557
7967166218980
6240856329038
6271662031235
9652222403971
9652223523654
9652226329963
1188051831855
1189567757493
1191128660234
1192015938801
1149683328946
1149871836734
1150506570336
1151030931365
5280505656024
5344159097395
5348515692224
2498560053853
2896821084996
4640247010460
6624470538203
6630669770613
7607622225458
5738530269295
8515360181839
8521335070671
6156651025436
6160101768972
6161184997372
6163063857890
6164910433366
5738914207417
5738917762999
9652336607074
2411140236415
2411498337017
9651482801213
9092305034867
9092305148458
1886743890721
9652011786001
9652014545056
7199809274033
8925086144146
9092190263748
9092191792537
1187765325322
1188108365869
1188111457278
1189163516012
2611244386362
9651969558340
9651991595238
6753561188659
6753566943741
1593118877279
6753237457539
6753254426273
6753258818807
6753267491671
6753270607038
5596145363728
5597998174714
9092314851851
9092319039568
9092319925007
1616384802674
6753478705444
6753478847038
6753483749617
6753484678879
5974596945173
5981422678396
7733152521361
8163727429423
8628264053376
6753178861549
6753190431027
9873464550043
9873464629206
9873464884148
9873465570958
1604763081932
6753332351022
6753336420281
1143616766713
1143660808919
1144223286953
1144377895780
2611178241836
2611180916784
2611180931855
2611186298853
9651967357907
8826859528265
8826860025944
8826871323039
1971565894610
1973155924875
1973250648126
2610713548454
2610714356706
9651854312590
4341675686240
6501430248245
6577107936593
6651892723313
6661716175518
7099049473206
4640193481390
9484165144686
9484167660931
9484177895248
9484182905697
1576417481477
1576878390127
1577592643735
1577924441145
7967021553232
7967022656444
1776771458430
1777565948137
1778291393154
1778381735017
9484024677843
4341542186125
4341586351824
9652128105061
5738987845585
5739002887122
3512920093439
3643288000934
7419780253415
7422069959014
1237571072573
1237884063978
1237917466288
1238049551286
1604816894410
1604830321213
1604875217267
1605520141630
6110756591548
6112570794266
1744851181202
1744999127773
1745083237590
1745325483969
4639679002952
9092238755624
9092242005203
1834643274561
1834690088852
1834907686925
1836040132437
6671332079510
6675901859176
7389378605974
5738535650302
5738564233323
5738657310733
5738670978026
5738677496844
5738679459830
5738689069739
7624658372505
7624667316026
2411845484258
2411933957671
9651506005016
8676756815353
8676795235303
1550865619798
6024457498931
6024879138996
8677809995145
9651800402610
9064880062795
9074668855013
1272829917725
1273223886945
4639894773743
9484022959590
1417393756633
1428335825188
1435371461713
1436163299156
8677284932147
8677286910235
9651766067427
2611224860837
2611236483147
9651996192623
1606949995064
6753378644188
6753386810605
9520269965236
9521944422716
9651430714107
9651432366274
8826682821359
8826688617932
1216935755680
1217258974185
1217922527006
1218042059323
2411724249664
2411948446795
9651501281309
1729566091244
1729668819029
1729712014196
1729751244806
8660515493999
8660516342654
2610865119724
2610880857496
9651894427445
1696108056828
1697185751392
8660463336515
7995120858798
8000742367456
1192949935464
1321996686757
2256059410033
2307456210136
4341957702507
4341970565622
4341989644882
4341996605128
9652147860897
1589869107222
1590382735595
1590939685618
1591236691531
3693024163409
3695020886566
1738027587240
1738058381763
1738221696649
1738557413002
1783977812874
1784329770422
1784330078722
1785090227368
1582020343743
6230533561172
1709448021781
1711171169357
8660535894080
6217574596516
6217691419163
4194752420080
5628184354211
5629668455998
5632544806166
5641087417609
7891197005045
7917949647896
7917949647896
1889250754241
5280750341973
5280862467929
9873481289179
9873481321992
9873481705884
8676855650039
8676867269649
2610767789766
2610828180051
9651874419453
1335006670988
1338630926247
1344075054582
1348708640371
1939784812976
1941548570923
9652036326800
2610776882304
2610779420602
9651861552996
5738673766613
9652286181648
6820189049386
6833618395718
9873469686266
9873469854078
1694762210013
1694857989978
1695231355693
1695881393595
1697536059764
1697776887486
1697821530121
1698286950714
2303485502129
2333623454393
8676833929515
8676853377891
9651707328587
1821688882004
1821698090109
1822053297683
1822278918165
1582381034571
6262068919371
6495359135178
9873472666873
9873472986339
9873472502119
9873473680687
6753546708759
6753552454114
1834012783373
1834048761079
1834252259997
1834479743866
7967583079812
7967605579412
7625187922834
7625188585236
6220944385276
6222208310901
6223122419381
6223712859054
1589417087112
1589470766092
1589705509166
1589859094303
3727270370523
3736421187804
6495402019875
3399094629264
4395640166435
4439956951139
6147280394949
6150546095221
1244668904778
1246345185197
8826996916826
8827000918263
1258757206490
1265383163387
6145938701552
6155547832295
6165347184517
6443723507618
7624790365496
7624792042012
7414306000955
9055991710972
9057592715714
9074189396385
5738405193250
5738410783033
1703674904702
1703895136173
1704458493870
1704515407291
8677421145461
8677421226276
5738992129991
5738999893185
1809290054910
1809372088628
1809438388525
1809614224760
6495124397497
8826797996324
8826797996324
8826799513390
2411712922005
9651506968434
9651508210463
7967567508062
9651686682243
9651687448909
9651687909752
1202526905381
1202535473581
1202565359336
1202877342941
3303271850679
3303295993284
5944737067019
4639676646074
8831419082194
8988031183126
1810642918279
1810690251762
1810771326921
1810923795902
6227728151379
6228510131661
1339398224071
1340262279516
1340503566665
1568961526865
1569370982532
1569501224081
1570047691978
8826630127229
8826641940589
6157789768837
6158157668858
1328082463285
1329590524826
7966814158173
8925108424416
8660760700644
8660774362258
1989591613488
1991133786611
2412680236781
2412706713432
4342382786179
4342386918941
9652209161214
2412621694823
9651548993975
7966982736067
9484139804851
9484146402620
2611074274129
2611082908030
9651949903283
2610744297987
2610745124497
9651856077879
7966951424582
7966973681550
1131228071172
1131289292608
1131402274122
1131456877539
5133842549088
6495208970424
6495212817005
8826992345132
8826993637809
1560684166960
1562081463529
1562283470219
6120787491588
1661456246825
1662184300124
1662264877775
1663133171772
1250974130374
1252384763173
1564148519019
1568457246307
1572447784120
6154811994981
1184119020872
1185181190654
1185234029252
1185780781857
4341767525006
4341787176349
4341819523226
9652140991697
4640081347173
9484068288227
7625077164740
7625096926565
2049790877612
2050477689350
5738897753086
5738902829065
5738913857101
8865988156635
8883391844109
9651345230495
8826832693980
8826833293127
1814214781124
1814563017493
1814951217269
1815246638110
5602189342671
5618864159335
5666761249314
5670063650846
5672777679335
5683148360967
1658835063715
7624992364754
7624993364395
8677357190559
7967416739432
7967418933951
7967442088603
9651654149969
1681078591875
8660401031793
8660417791827
1611581655054
1611611951705
1613013960637
1613136063956
7625162128343
7625170346661
7625175193925
7625175538405
7070731918618
7091529232495
4342033988006
4342048585481
4639512117638
8660660571115
8660662003898
1238140603648
1238183314815
1238627056592
1238665543726
7967123642995
1986461039188
1134531116516
1134867552446
1135490906613
1135910717348
6302621133155
6308481957153
8826973162055
8826974856656
6495133477463
8826808830395
8826818755398
1104044994468
1110003393210
1113174177597
1153757053962
1349841692784
7966734732576
7966738748443
1790789179903
1790999512309
1791097678379
1791208413714
1229426591292
1229706217492
1183003519034
1183121278837
1183356332625
1183981723027
3611475316892
3616519815775
6495397423923
8070988838874
8123443390797
1193686978288
1193925007885
1194148979041
1194441300733
9651435375358
9651435375358
5257506808875
8677848648552
1761536644586
1761556416415
1761731274748
1761822528088
6994181617475
7004772548312
8893920207015
1609203875799
1609312844525
1609391730269
1609787575610
9652216577220
1795240073653
1795744497337
1796097117385
1796112240982
1124715153260
1124919663442
1125408175354
1125477564011
1125864348415
1126340694187
1126547456366
1126669203749
1781068575769
1781544927051
1781673218891
1781685272706
4639739348501
9092329898896
9092335291292
8955822778267
9651374048283
9651379552266
9651380909295
7624584120676
7624610786746
7624612342490
2610834920788
2610840401431
1378539085003
5264016268686
8938364839191
9651357210621
9651357442275
